TABLE XH2LOSS(IAAAE, IAAAI) 'H2 transmission loss between regions (calculated from exported quantity) (share)'
          CL0_A     CL1_A     CL2_A     CL3_A     CL4_A     CL5_A     CL6_A     CL7_A     CL8_A     CL9_A
                                                                                                         
CL0_A  0.000000  0.003626  0.001841  0.005238  0.003106  0.001903  0.001873  0.003996  0.002509  0.004094
CL1_A  0.003626  0.000000  0.004108  0.007871  0.002495  0.004391  0.004354  0.001509  0.001556  0.002702
CL2_A  0.001841  0.004108  0.000000  0.003884  0.004396  0.000393  0.000369  0.004148  0.003167  0.005374
CL3_A  0.005238  0.007871  0.003884  0.000000  0.008108  0.003602  0.003641  0.007855  0.007031  0.009153
CL4_A  0.003106  0.002495  0.004396  0.008108  0.000000  0.004608  0.004571  0.003013  0.001819  0.001574
CL5_A  0.001903  0.004391  0.000393  0.003602  0.004608            0.000039  0.004454  0.003438  0.005606
CL6_A  0.001873  0.004354  0.000369  0.003641  0.004571  0.000039            0.004418  0.003399  0.005568
CL7_A  0.003996  0.001509  0.004148  0.007855  0.003013  0.004454  0.004418            0.001759  0.003219
CL8_A  0.002509  0.001556  0.003167  0.007031  0.001819  0.003438  0.003399  0.001759            0.002473
CL9_A  0.004094  0.002702  0.005374  0.009153  0.001574  0.005606  0.005568  0.003219  0.002473  0.000000
;