TABLE XH2LOSS(IRRRE, IRRRI) 'H2 transmission loss between regions (calculated from exported quantity) (share)'
           CL0       CL1      CL10      CL11      CL12      CL13      CL14      CL15      CL16      CL17      CL18      CL19       CL2      CL20      CL21      CL22      CL23      CL24      CL25      CL26      CL27      CL28      CL29       CL3       CL4       CL5       CL6       CL7       CL8       CL9
                                                                                                                                                                                                                                                                                                                
CL0   0.000000  0.002767  0.004182  0.004008  0.004664  0.000682  0.003904  0.000709  0.001445  0.003014  0.005132  0.004249  0.002551  0.002422  0.000736  0.004723  0.002447  0.002543  0.001271  0.004543  0.000736  0.004325  0.003382  0.000920  0.000925  0.004990  0.003677  0.004149  0.003562  0.005468
CL1   0.002767  0.000000  0.001468  0.003207  0.002229  0.003104  0.001922  0.003025  0.003488  0.000738  0.003575  0.001547  0.001075  0.002880  0.002802  0.002098  0.002043  0.002125  0.001776  0.002145  0.003063  0.002685  0.002053  0.002232  0.002301  0.003154  0.001389  0.006598  0.001914  0.002868
CL10  0.004182  0.001468  0.000000  0.003417  0.001340  0.004539  0.002225   0.00446  0.004747  0.001372  0.003173  0.000902  0.001975  0.003794  0.004233  0.001376  0.002897  0.002925  0.003101  0.001862  0.004498  0.002456  0.002359  0.003591  0.003729  0.002596  0.001297  0.008016  0.002071  0.001556
CL11  0.004008  0.003207  0.003417  0.000000  0.002680  0.004623   0.00507  0.004634  0.003444  0.002534  0.001442  0.004074  0.002274  0.001805  0.004541  0.004594  0.001635  0.001584  0.002906  0.005033  0.004669  0.001244  0.001218  0.003292  0.004282  0.001739  0.002314  0.008033  0.001469  0.003501
CL12  0.004664  0.002229  0.001340  0.002680  0.000000  0.005130  0.003385  0.005074  0.004893  0.001701  0.002068  0.001965  0.002154  0.003601  0.004874  0.002349  0.002766  0.002751  0.003448  0.002976  0.005113  0.001536  0.001889  0.003972  0.004409  0.001475  0.001129  0.008702  0.001601  0.001088
CL13  0.000682  0.003104  0.004539  0.004623  0.005130  0.000000  0.003957  0.000186  0.001891  0.003457  0.005723  0.004513  0.003049  0.003038  0.000419  0.004945  0.003046  0.003142  0.001811  0.004675  0.000183  0.004896  0.003956  0.001440  0.000899  0.005549  0.004147  0.003596  0.004110  0.005894
CL14  0.003904  0.001922  0.002225  0.005070  0.003385  0.003957            0.003838  0.005003  0.002555  0.005204  0.001508  0.002963  0.004742  0.003592  0.001521   0.00395  0.004019   0.00337  0.000865  0.003866  0.004366  0.003915  0.003655  0.003108  0.004657  0.002963  0.006901  0.003709  0.003541
CL15  0.000709  0.003025  0.004460  0.004634  0.005074  0.000186  0.003838            0.001980  0.003399  0.005711  0.004418  0.003007  0.003076  0.000312  0.004844  0.003047  0.003144  0.001793  0.004563  0.000039  0.004875   0.00394  0.001442  0.000794  0.005524  0.004095  0.003641  0.004083  0.005828
CL16  0.001445  0.003488  0.004747  0.003444  0.004893  0.001891  0.005003   0.00198  0.000000  0.003446  0.004774  0.005011  0.002865  0.001680  0.002079  0.005539  0.002219  0.002290  0.001757  0.005516  0.001993  0.004123  0.003233  0.001442  0.002263  0.004806  0.003953  0.004704  0.003526  0.005782
CL17  0.003014  0.000738  0.001372  0.002534  0.001701  0.003457  0.002555  0.003399  0.003446            0.002845  0.001759  0.000656  0.002506  0.003200  0.002340  0.001603  0.001668  0.001833  0.002599  0.003438  0.001956   0.00136  0.002362  0.002737  0.002454  0.000758  0.007031  0.001190  0.002477
CL18  0.005132  0.003575  0.003173  0.001442  0.002068  0.005723  0.005204  0.005711  0.004774  0.002845            0.003903  0.002876  0.003144  0.005576  0.004329  0.002705  0.002635  0.003919  0.004929  0.005749  0.000949   0.00178  0.004382  0.005228  0.000732  0.002278  0.009246  0.001759  0.002646
CL19  0.004249  0.001547  0.000902  0.004074  0.001965  0.004513  0.001508  0.004418  0.005011  0.001759  0.003903            0.002358  0.004256  0.004177  0.000692  0.003361  0.003402  0.003309  0.001027  0.004454  0.003151  0.002958  0.003751  0.003660  0.003312  0.001841  0.007855  0.002675  0.002045
CL2   0.002551  0.001075  0.001975  0.002274  0.002154  0.003049  0.002963  0.003007  0.002865  0.000656  0.002876  0.002358  0.000000  0.001946  0.002834  0.002928  0.001083  0.001184  0.001312  0.003129  0.003047  0.001992  0.001177  0.001866  0.002422  0.002599  0.001182  0.006641  0.001180  0.002995
CL20  0.002422  0.002880  0.003794  0.001805  0.003601  0.003038  0.004742  0.003076  0.001680  0.002506  0.003144  0.004256  0.001946  0.000000  0.003041  0.004818  0.000928  0.001000  0.001629  0.005012  0.003106  0.002570  0.001774  0.001813  0.002922  0.003245  0.002784  0.006297  0.002134  0.004513
CL21  0.000736  0.002802  0.004233  0.004541  0.004874  0.000419  0.003592  0.000312  0.002079    0.0032  0.005576  0.004177  0.002834  0.003041  0.000000  0.004599  0.002943  0.003041  0.001671  0.004315   0.00034  0.004728    0.0038  0.001366  0.000597  0.005368  0.003901  0.003848  0.003927  0.005613
CL22  0.004723  0.002098  0.001376  0.004594  0.002349  0.004945  0.001521  0.004844  0.005539   0.00234  0.004329  0.000692  0.002928  0.004818  0.004599  0.000000  0.003928  0.003965  0.003842  0.000784  0.004878  0.003627  0.003503  0.004264  0.004084  0.003715  0.002375  0.008185  0.003212  0.002196
CL23  0.002447  0.002043  0.002897  0.001635  0.002766  0.003046   0.00395  0.003047  0.002219  0.001603  0.002705  0.003361  0.001083  0.000928  0.002943  0.003928            0.000452  0.001291  0.004152  0.003083  0.001961  0.001029  0.001729  0.002675  0.002657  0.001903  0.006543  0.001362  0.003672
CL24  0.002543  0.002125  0.002925  0.001584  0.002751  0.003142  0.004019  0.003144  0.002290  0.001668  0.002635  0.003402  0.001184  0.001000  0.003041  0.003965  0.000452  0.000000  0.001408  0.004204   0.00318  0.001904  0.000998  0.001830  0.002777  0.002598  0.001921  0.006628  0.001347  0.003653
CL25  0.001271  0.001776  0.003101  0.002906  0.003448  0.001811   0.00337  0.001793  0.001757  0.001833  0.003919  0.003309  0.001312  0.001629  0.001671  0.003842  0.001291  0.001408            0.003826  0.001831  0.003090  0.002147  0.000668  0.001390  0.003752  0.002461  0.005383  0.002319  0.004283
CL26  0.004543  0.002145  0.001862  0.005033  0.002976  0.004675  0.000865  0.004563  0.005516  0.002599  0.004929  0.001027  0.003129  0.005012  0.004315  0.000784  0.004152  0.004204  0.003826            0.004594  0.004164  0.003897  0.004186  0.003811  0.004332  0.002810  0.007742  0.003635  0.002922
CL27  0.000736  0.003063  0.004498  0.004669  0.005113  0.000183  0.003866  0.000039  0.001993  0.003438  0.005749  0.004454  0.003047  0.003106  0.000340  0.004878  0.003083  0.003180  0.001831  0.004594            0.004914  0.003978  0.001475  0.000827  0.005563  0.004134  0.003602  0.004122  0.005867
CL28  0.004325  0.002685  0.002456  0.001244  0.001536  0.004896  0.004366  0.004875  0.004123  0.001956  0.000949  0.003151  0.001993  0.002570  0.004728  0.003627  0.001961  0.001904   0.00309  0.004164  0.004914  0.000000  0.000974  0.003580  0.004360  0.000854  0.001448  0.008450  0.000930  0.002316
CL29  0.003382  0.002053  0.002359  0.001218  0.001889  0.003956  0.003915   0.00394  0.003233   0.00136   0.00178  0.002958  0.001177  0.001774  0.003800  0.003503  0.001029  0.000998  0.002147  0.003897  0.003978  0.000974            0.002643  0.003451  0.001670  0.001248  0.007510  0.000539  0.002781
CL3   0.000920  0.002232  0.003591  0.003292  0.003972  0.001440  0.003655  0.001442  0.001442  0.002362  0.004382  0.003751  0.001866  0.001813  0.001366  0.004264  0.001729  0.001830  0.000668  0.004186  0.001475  0.003580  0.002643  0.000000  0.001211  0.004245  0.002991  0.004925  0.002831  0.004800
CL4   0.000925  0.002301  0.003729  0.004282  0.004409  0.000899  0.003108  0.000794  0.002263  0.002737  0.005228   0.00366  0.002422  0.002922  0.000597  0.004084  0.002675  0.002777   0.00139  0.003811  0.000827  0.004360  0.003451  0.001211  0.000000  0.004981  0.003448  0.004323  0.003544  0.005126
CL5   0.004990  0.003154  0.002596  0.001739  0.001475  0.005549  0.004657  0.005524  0.004806  0.002454  0.000732  0.003312  0.002599  0.003245  0.005368  0.003715  0.002657  0.002598  0.003752  0.004332  0.005563  0.000854   0.00167  0.004245  0.004981  0.000000  0.001834  0.009110  0.001558  0.002021
CL6   0.003677  0.001389  0.001297  0.002314  0.001129  0.004147  0.002963  0.004095  0.003953  0.000758  0.002278  0.001841  0.001182  0.002784  0.003901  0.002375  0.001903  0.001921  0.002461   0.00281  0.004134  0.001448  0.001248  0.002991  0.003448  0.001834  0.000000  0.007726  0.000993  0.001924
CL7   0.004149  0.006598  0.008016  0.008033  0.008702  0.003596  0.006901  0.003641  0.004704  0.007031  0.009246  0.007855  0.006641  0.006297  0.003848  0.008185  0.006543  0.006628  0.005383  0.007742  0.003602  0.008450   0.00751  0.004925  0.004323  0.009110  0.007726  0.000000  0.007681  0.009429
CL8   0.003562  0.001914  0.002071  0.001469  0.001601  0.004110  0.003709  0.004083  0.003526   0.00119  0.001759  0.002675  0.001180  0.002134  0.003927  0.003212  0.001362  0.001347  0.002319  0.003635  0.004122  0.000930  0.000539  0.002831  0.003544  0.001558  0.000993  0.007681  0.000000  0.002472
CL9   0.005468  0.002868  0.001556  0.003501  0.001088  0.005894  0.003541  0.005828  0.005782  0.002477  0.002646  0.002045  0.002995  0.004513  0.005613  0.002196  0.003672  0.003653  0.004283  0.002922  0.005867  0.002316  0.002781  0.004800  0.005126  0.002021  0.001924  0.009429  0.002472  0.000000
;