TABLE XH2LOSS(IRRRE, IRRRI) 'H2 transmission loss between regions (calculated from exported quantity) (share)'
          CL0       CL1       CL2       CL3       CL4       CL5       CL6       CL7       CL8       CL9
                                                                                                       
CL0  0.000000  0.003975  0.003110  0.006453  0.002959  0.002633  0.002975  0.003178  0.002812  0.002955
CL1  0.003975  0.000000  0.002028  0.009144  0.002811  0.002551  0.005307  0.005609  0.002669  0.003459
CL2  0.003110  0.002028  0.000000  0.007809  0.002230  0.001406  0.003978   0.00428  0.001985   0.00229
CL3  0.006453  0.009144  0.007809  0.000000  0.006518  0.007031  0.003941  0.003602  0.006543  0.007855
CL4  0.002959  0.002811  0.002230  0.006518  0.000000  0.001947  0.002909  0.003155  0.000611  0.003687
CL5  0.002633  0.002551  0.001406  0.007031  0.001947            0.003125  0.003438  0.001603  0.001759
CL6  0.002975  0.005307  0.003978  0.003941  0.002909  0.003125  0.000000  0.000445  0.002816  0.004156
CL7  0.003178  0.005609  0.004280  0.003602  0.003155  0.003438  0.000445            0.003083  0.004454
CL8  0.002812  0.002669  0.001985  0.006543  0.000611  0.001603  0.002816  0.003083            0.003361
CL9  0.002955  0.003459  0.002290  0.007855  0.003687  0.001759  0.004156  0.004454  0.003361          
;