TABLE XLOSS(IRRRE, IRRRI) 'Transmission loss between regions (fraction)'
          CL0       CL1       CL2       CL3       CL4       CL5       CL6       CL7       CL8       CL9
                                                                                                       
CL0  0.000000  0.003912  0.005804  0.012408  0.004341  0.006745  0.007186   0.00713   0.00282  0.002087
CL1  0.003912  0.000000  0.003613  0.011663  0.002632  0.005887  0.006353  0.006296  0.002175  0.004289
CL2  0.005804  0.003613  0.000000  0.008679  0.005363  0.003350  0.003704  0.003658  0.003422  0.005846
CL3  0.012408  0.011663  0.008679  0.000000  0.013793  0.005964  0.005432  0.005491  0.010604  0.011847
CL4  0.004341  0.002632  0.005363  0.013793  0.000000  0.007981  0.008461  0.008403  0.003848  0.005218
CL5  0.006745  0.005887  0.003350  0.005964  0.007981  0.000000   0.00073  0.000692  0.004716  0.006297
CL6  0.007186  0.006353  0.003704  0.005432  0.008461  0.000730            0.000059  0.005186  0.006718
CL7  0.007130  0.006296  0.003658  0.005491  0.008403  0.000692  0.000059            0.005127  0.006664
CL8  0.002820  0.002175  0.003422  0.010604  0.003848  0.004716  0.005186  0.005127            0.002654
CL9  0.002087  0.004289  0.005846  0.011847  0.005218  0.006297  0.006718  0.006664  0.002654          
;