TABLE XLOSS(IRRRE, IRRRI) 'Transmission loss between regions (fraction)'
           CL0       CL1      CL10      CL11      CL12      CL13      CL14      CL15      CL16      CL17      CL18      CL19       CL2      CL20      CL21      CL22      CL23      CL24      CL25      CL26      CL27      CL28      CL29       CL3       CL4       CL5       CL6       CL7       CL8       CL9
                                                                                                                                                                                                                                                                                                                
CL0   0.000000  0.005130  0.005665  0.001267  0.005285  0.006368  0.003644  0.004488  0.011727  0.002254  0.002346  0.001903  0.005050  0.003579  0.001964  0.002446  0.006398  0.006058  0.005261  0.002245  0.006341  0.005946  0.005356  0.003951  0.003536  0.001787  0.001853  0.003015  0.006125  0.002388
CL1   0.005130  0.000000  0.001304  0.006030  0.006696  0.001300  0.001539  0.005971  0.006652  0.004101  0.007385  0.003519  0.001273  0.003806  0.003368  0.002945  0.001352  0.005523  0.002389  0.005947  0.001302  0.006451  0.001312  0.007801  0.005858  0.005757  0.004344  0.003484  0.001248  0.007181
CL10  0.005665  0.001304  0.000000  0.006466  0.006242  0.001290  0.002158  0.005605  0.006436  0.004217  0.007963  0.004252  0.002150  0.003555  0.004099  0.003285  0.001179  0.004754  0.003402  0.006095   0.00113  0.005822  0.000502  0.007821  0.005713  0.006523  0.004547  0.004448  0.000839  0.007562
CL11  0.001267  0.006030  0.006466  0.000000  0.005009  0.007254  0.004554   0.00429  0.012635  0.002618  0.001811  0.002939  0.006021  0.003911  0.003006  0.003226  0.007271  0.006151  0.006274  0.001785  0.007212  0.005822  0.006141  0.003169  0.003260  0.002261  0.002264  0.004031  0.006972  0.001668
CL12  0.005285  0.006696  0.006242  0.005009  0.000000  0.007459  0.005795  0.001043  0.012346   0.00353  0.006529  0.005981  0.007329  0.002996  0.005925  0.004638  0.007358  0.002293  0.008354  0.003419  0.007306  0.001182  0.005916  0.003312  0.002076  0.006929  0.003852  0.007267  0.006937  0.005163
CL13  0.006368  0.001300  0.001290  0.007254  0.007459  0.000000  0.002731  0.006808  0.005424  0.005214  0.008632  0.004738  0.001778  0.004707  0.004594  0.004125  0.000276  0.005969  0.002853  0.007087   0.00028  0.007052  0.001552  0.008891  0.006846  0.006974  0.005485  0.004583  0.000633  0.008393
CL14  0.003644  0.001539  0.002158  0.004554  0.005795  0.002731            0.004991  0.008120  0.002764  0.005911  0.002123  0.001725  0.002835  0.001947  0.001509  0.002762  0.005084  0.002650  0.004555  0.002705  0.005771  0.001916  0.006460  0.004677  0.004384  0.002970  0.002457  0.002520  0.005718
CL15  0.004488  0.005971  0.005605  0.004290  0.001043  0.006808  0.004991            0.011847  0.002654  0.005887  0.005132  0.006567  0.002185   0.00507  0.003783  0.006718  0.002275  0.007558  0.002726  0.006664  0.001549  0.005264  0.003084  0.001361  0.006145  0.003001  0.006420  0.006301  0.004597
CL16  0.011727  0.006652  0.006436  0.012635  0.012346  0.005424   0.00812  0.011847  0.000000  0.010604  0.013947  0.009997  0.006738  0.009928  0.009869  0.009543  0.005432   0.01041  0.007095  0.012477  0.005491  0.011677  0.006776  0.014223  0.012091  0.012117  0.010874  0.009497  0.005805  0.013770
CL17  0.002254  0.004101  0.004217  0.002618  0.003530  0.005214  0.002764  0.002654  0.010604            0.004291  0.002516  0.004433  0.001347  0.002417  0.001294  0.005186  0.003855  0.005198  0.001921  0.005127  0.003921   0.00386  0.003737  0.002068  0.003823  0.000888  0.003780  0.004826  0.003590
CL18  0.002346  0.007385  0.007963  0.001811  0.006529  0.008632  0.005911  0.005887  0.013947  0.004291            0.003974  0.007220  0.005619   0.00408  0.004725  0.008671   0.00785  0.007201  0.003226  0.008615  0.007434  0.007657  0.003991  0.004785  0.002174  0.003871  0.004743  0.008410  0.001581
CL19  0.001903  0.003519  0.004252  0.002939  0.005981  0.004738  0.002123  0.005132  0.009997  0.002516  0.003974  0.000000  0.003282  0.003462  0.000682  0.001704  0.004796  0.006062  0.003454  0.003599  0.004742  0.006341     0.004  0.005510  0.004412  0.002390  0.002366  0.001508  0.004587  0.004116
CL2   0.005050  0.001273  0.002150  0.006021  0.007329  0.001778  0.001725  0.006567  0.006738  0.004433   0.00722  0.003282  0.000000  0.004399  0.003143  0.003174    0.0019  0.006331  0.001652  0.006188  0.001869  0.007184  0.002184  0.008105  0.006318  0.005418  0.004589  0.002927  0.001953  0.007197
CL20  0.003579  0.003806  0.003555  0.003911  0.002996  0.004707  0.002835  0.002185  0.009928  0.001347  0.005619  0.003462  0.004399             0.00334  0.001858  0.004635   0.00263  0.005425  0.002898  0.004578  0.003002  0.003193  0.004371  0.002190  0.005099  0.001845  0.004590  0.004233  0.004759
CL21  0.001964  0.003368  0.004099  0.003006  0.005925  0.004594  0.001947   0.00507  0.009869  0.002417   0.00408  0.000682  0.003143   0.00334             0.00151  0.004651  0.005958  0.003347  0.003604  0.004597  0.006263  0.003844  0.005538  0.004369  0.002466  0.002299  0.001400  0.004439  0.004193
CL22  0.002446  0.002945  0.003285  0.003226  0.004638  0.004125  0.001509  0.003783  0.009543  0.001294  0.004725  0.001704  0.003174  0.001858   0.00151            0.004124  0.004455  0.003924  0.003059  0.004065  0.004837  0.002953  0.004965  0.003300  0.003629  0.001560  0.002741  0.003809  0.004358
CL23  0.006398  0.001352  0.001179  0.007271  0.007358  0.000276  0.002762  0.006718  0.005432  0.005186  0.008671  0.004796  0.001900  0.004635  0.004651  0.004124            0.005832  0.003006  0.007063  0.000059   0.00693  0.001454  0.008849  0.006784  0.007042  0.005469  0.004684  0.000513  0.008403
CL24  0.006058  0.005523  0.004754  0.006151  0.002293  0.005969  0.005084  0.002275  0.010410  0.003855   0.00785  0.006062  0.006331   0.00263  0.005958  0.004455  0.005832            0.007547  0.004735   0.00579  0.001305   0.00449  0.005340  0.003356  0.007647  0.004306  0.007152  0.005418  0.006677
CL25  0.005261  0.002389  0.003402  0.006274  0.008354  0.002853   0.00265  0.007558  0.007095  0.005198  0.007201  0.003454  0.001652  0.005425  0.003347  0.003924  0.003006  0.007547  0.000000  0.006772  0.002986   0.00832  0.003447  0.008722  0.007160  0.005195  0.005242  0.002533  0.003136  0.007442
CL26  0.002245  0.005947  0.006095  0.001785  0.003419  0.007087  0.004555  0.002726  0.012477  0.001921  0.003226  0.003599  0.006188  0.002898  0.003604  0.003059  0.007063  0.004735  0.006772  0.000000  0.007004  0.004262  0.005742  0.002142  0.001822  0.003784  0.001859  0.004900  0.006704  0.002179
CL27  0.006341  0.001302  0.001130  0.007212  0.007306  0.000280  0.002705  0.006664  0.005491  0.005127  0.008615  0.004742  0.001869  0.004578  0.004597  0.004065  0.000059   0.00579  0.002986  0.007004            0.006883  0.001401  0.008790  0.006727  0.006990  0.005410  0.004639  0.000471  0.008344
CL28  0.005946  0.006451  0.005822  0.005822  0.001182  0.007052  0.005771  0.001549  0.011677  0.003921  0.007434  0.006341  0.007184  0.003002  0.006263  0.004837   0.00693  0.001305  0.008320  0.004262  0.006883            0.005525  0.004407  0.002809  0.007592  0.004316  0.007559  0.006508  0.006122
CL29  0.005356  0.001312  0.000502  0.006141  0.005916  0.001552  0.001916  0.005264  0.006776   0.00386  0.007657  0.004000  0.002184  0.003193  0.003844  0.002953  0.001454   0.00449  0.003447  0.005742  0.001401  0.005525            0.007465  0.005356  0.006266  0.004200  0.004284  0.001083  0.007230
CL3   0.003951  0.007801  0.007821  0.003169  0.003312  0.008891   0.00646  0.003084  0.014223  0.003737  0.003991  0.005510  0.008105  0.004371  0.005538  0.004965  0.008849   0.00534  0.008722  0.002142   0.00879  0.004407  0.007465  0.000000  0.002348  0.005281  0.003685  0.006808  0.008467  0.002558
CL4   0.003536  0.005858  0.005713  0.003260  0.002076  0.006846  0.004677  0.001361  0.012091  0.002068  0.004785  0.004412  0.006318   0.00219  0.004369    0.0033  0.006784  0.003356  0.007160  0.001822  0.006727  0.002809  0.005356  0.002348  0.000000  0.005154  0.002330  0.005722  0.006385  0.003539
CL5   0.001787  0.005757  0.006523  0.002261  0.006929  0.006974  0.004384  0.006145  0.012117  0.003822  0.002174  0.002390  0.005418  0.005099  0.002466  0.003629  0.007042  0.007647  0.005195  0.003784   0.00699  0.007592  0.006266  0.005281  0.005154  0.000000  0.003427  0.002722  0.006849  0.003042
CL6   0.001853  0.004344  0.004547  0.002264  0.003852  0.005485   0.00297  0.003001  0.010874  0.000888  0.003871  0.002366  0.004589  0.001845  0.002299   0.00156  0.005469  0.004306  0.005242  0.001859   0.00541  0.004316    0.0042  0.003685  0.002330  0.003427  0.000000  0.003635  0.005126  0.003277
CL7   0.003015  0.003484  0.004448  0.004031  0.007267  0.004583  0.002457   0.00642  0.009497   0.00378  0.004743  0.001508  0.002927   0.00459    0.0014  0.002741  0.004684  0.007152  0.002533  0.004900  0.004639  0.007559  0.004284  0.006808  0.005722  0.002722  0.003635  0.000000  0.004587  0.005163
CL8   0.006125  0.001248  0.000839  0.006972  0.006937  0.000633   0.00252  0.006301  0.005805  0.004826   0.00841  0.004587  0.001953  0.004233  0.004439  0.003809  0.000513  0.005418  0.003136  0.006704  0.000471  0.006508  0.001083  0.008467  0.006385  0.006849  0.005126  0.004587  0.000000  0.008091
CL9   0.002388  0.007181  0.007562  0.001668  0.005163  0.008393  0.005718  0.004597  0.013770   0.00359  0.001581  0.004116  0.007197  0.004759  0.004193  0.004358  0.008403  0.006677  0.007442  0.002179  0.008344  0.006122   0.00723  0.002558  0.003539  0.003042  0.003277  0.005163  0.008091  0.000000
;