TABLE XLOSS(IRRRE, IRRRI) 'Transmission loss between regions (fraction)'
          CL0       CL1       CL2       CL3       CL4       CL5       CL6       CL7       CL8       CL9
                                                                                                       
CL0  0.000000  0.005469  0.002776  0.007901  0.004685  0.002871  0.002826  0.006027  0.003784  0.006175
CL1  0.005469  0.000000  0.006196  0.011872  0.003764  0.006624  0.006568  0.002276  0.002347  0.004076
CL2  0.002776  0.006196  0.000000  0.005858  0.006630  0.000593  0.000557  0.006257  0.004776  0.008106
CL3  0.007901  0.011872  0.005858  0.000000  0.012229  0.005432  0.005491  0.011847  0.010604  0.013806
CL4  0.004685  0.003764  0.006630  0.012229  0.000000  0.006951  0.006895  0.004545  0.002744  0.002374
CL5  0.002871  0.006624  0.000593  0.005432  0.006951            0.000059  0.006718  0.005186  0.008456
CL6  0.002826  0.006568  0.000557  0.005491  0.006895  0.000059            0.006664  0.005127  0.008398
CL7  0.006027  0.002276  0.006257  0.011847  0.004545  0.006718  0.006664            0.002654  0.004855
CL8  0.003784  0.002347  0.004776  0.010604  0.002744  0.005186  0.005127  0.002654            0.003730
CL9  0.006175  0.004076  0.008106  0.013806  0.002374  0.008456  0.008398  0.004855   0.00373  0.000000
;