TABLE XLOSS(IRRRE, IRRRI) 'Transmission loss between regions (fraction)'
           CL0       CL1      CL10      CL11      CL12      CL13      CL14      CL15      CL16      CL17      CL18      CL19       CL2      CL20      CL21      CL22      CL23      CL24      CL25      CL26      CL27      CL28      CL29       CL3       CL4       CL5       CL6       CL7       CL8       CL9
                                                                                                                                                                                                                                                                                                                
CL0   0.000000  0.004174  0.006308  0.006046  0.007035  0.001028  0.005888  0.001069  0.002180  0.004547  0.007742   0.00641  0.003847  0.003653  0.001110  0.007125  0.003691  0.003835  0.001918  0.006853  0.001111  0.006524  0.005102  0.001387  0.001396  0.007526  0.005546  0.006259  0.005373  0.008247
CL1   0.004174  0.000000  0.002214  0.004836  0.003362  0.004682  0.002898  0.004562  0.005262  0.001112  0.005393  0.002333  0.001621  0.004344  0.004226  0.003165   0.00308  0.003205  0.002678  0.003235   0.00462  0.004049  0.003096  0.003367  0.003471  0.004756  0.002095  0.009952  0.002888  0.004326
CL10  0.006308  0.002214  0.000000  0.005154  0.002021  0.006846  0.003356  0.006727  0.007160  0.002068  0.004785  0.001361  0.002980  0.005722  0.006385  0.002076  0.004369  0.004412  0.004677  0.002809  0.006784  0.003705  0.003558  0.005417  0.005624  0.003915  0.001956  0.012091  0.003123  0.002348
CL11  0.006046  0.004836  0.005154  0.000000  0.004042  0.006974  0.007647   0.00699  0.005195  0.003822  0.002174  0.006145  0.003430  0.002722  0.006849  0.006929  0.002466  0.002390  0.004384  0.007592  0.007042  0.001877  0.001838  0.004965  0.006458  0.002624  0.003491  0.012117  0.002217  0.005281
CL12  0.007035  0.003362  0.002021  0.004042  0.000000  0.007738  0.005105  0.007654  0.007380  0.002565   0.00312  0.002963  0.003249  0.005431  0.007351  0.003543  0.004173  0.004149  0.005201  0.004489  0.007713  0.002317  0.002848  0.005991  0.006650  0.002224  0.001703  0.013125  0.002414  0.001642
CL13  0.001028  0.004682  0.006846  0.006974  0.007738  0.000000  0.005969   0.00028  0.002853  0.005214  0.008632  0.006808  0.004599  0.004583  0.000633  0.007459  0.004594  0.004738  0.002731  0.007052  0.000276  0.007384  0.005968  0.002172  0.001356  0.008370  0.006255  0.005424  0.006200  0.008891
CL14  0.005888  0.002898  0.003356  0.007647  0.005105  0.005969             0.00579  0.007547  0.003855   0.00785  0.002275  0.004469  0.007152  0.005418  0.002293  0.005958  0.006062  0.005084  0.001305  0.005832  0.006586  0.005905  0.005513  0.004688  0.007024  0.004470  0.010410  0.005595  0.005340
CL15  0.001069  0.004562  0.006727  0.006990  0.007654  0.000280   0.00579            0.002986  0.005127  0.008615  0.006664  0.004537  0.004639  0.000471  0.007306  0.004597  0.004742  0.002705  0.006883  0.000059  0.007354  0.005943  0.002174  0.001198  0.008333  0.006176  0.005491  0.006159  0.008790
CL16  0.002180  0.005262  0.007160  0.005195  0.007380  0.002853  0.007547  0.002986  0.000000  0.005198  0.007201  0.007558  0.004322  0.002533  0.003136  0.008354  0.003347  0.003454   0.00265   0.00832  0.003006  0.006218  0.004876  0.002175  0.003413  0.007249  0.005962  0.007095  0.005318  0.008722
CL17  0.004547  0.001112  0.002068  0.003822  0.002565  0.005214  0.003855  0.005127  0.005198            0.004291  0.002654  0.000989  0.003780  0.004826  0.003530  0.002417  0.002516  0.002764  0.003921  0.005186  0.002950  0.002051  0.003564  0.004128  0.003701  0.001142  0.010604  0.001796  0.003737
CL18  0.007742  0.005393  0.004785  0.002174  0.003120  0.008632   0.00785  0.008615  0.007201  0.004291            0.005887  0.004337  0.004743  0.008410  0.006529   0.00408  0.003974  0.005911  0.007434  0.008671  0.001430  0.002684  0.006610  0.007887  0.001105  0.003436  0.013947  0.002653  0.003991
CL19  0.006410  0.002333  0.001361  0.006145  0.002963  0.006808  0.002275  0.006664  0.007558  0.002654  0.005887            0.003556  0.006420  0.006301  0.001043   0.00507  0.005132  0.004991  0.001549  0.006718  0.004753  0.004462  0.005658  0.005520  0.004995  0.002777  0.011847  0.004036  0.003084
CL2   0.003847  0.001621  0.002980  0.003430  0.003249  0.004599  0.004469  0.004537  0.004322  0.000989  0.004337  0.003556  0.000000  0.002936  0.004275  0.004417  0.001633  0.001787  0.001979  0.004719  0.004596  0.003006  0.001775  0.002814  0.003653  0.003920  0.001784  0.010016  0.001781  0.004517
CL20  0.003653  0.004344  0.005722  0.002722  0.005431  0.004583  0.007152  0.004639  0.002533   0.00378  0.004743   0.00642  0.002936  0.000000  0.004587  0.007267    0.0014  0.001508  0.002457  0.007559  0.004684  0.003876  0.002676  0.002734  0.004407  0.004894  0.004199  0.009497  0.003219  0.006808
CL21  0.001110  0.004226  0.006385  0.006849  0.007351  0.000633  0.005418  0.000471  0.003136  0.004826   0.00841  0.006301  0.004275  0.004587  0.000000  0.006937  0.004439  0.004587   0.00252  0.006508  0.000513  0.007132  0.005732  0.002060  0.000900  0.008096  0.005884  0.005805  0.005923  0.008467
CL22  0.007125  0.003165  0.002076  0.006929  0.003543  0.007459  0.002293  0.007306  0.008354   0.00353  0.006529  0.001043  0.004417  0.007267  0.006937  0.000000  0.005925  0.005981  0.005795  0.001182  0.007358  0.005471  0.005284  0.006431  0.006161  0.005603  0.003583  0.012346  0.004844  0.003312
CL23  0.003691  0.003080  0.004369  0.002466  0.004173  0.004594  0.005958  0.004597  0.003347  0.002417   0.00408   0.00507  0.001633  0.001400  0.004439  0.005925            0.000682  0.001947  0.006263  0.004651  0.002958  0.001552  0.002608  0.004035  0.004008  0.002871  0.009869  0.002054  0.005538
CL24  0.003835  0.003205  0.004412  0.002390  0.004149  0.004738  0.006062  0.004742  0.003454  0.002516  0.003974  0.005132  0.001787  0.001508  0.004587  0.005981  0.000682  0.000000  0.002123  0.006341  0.004796  0.002872  0.001505  0.002760  0.004189  0.003919  0.002897  0.009997  0.002031  0.005510
CL25  0.001918  0.002678  0.004677  0.004384  0.005201  0.002731  0.005084  0.002705  0.002650  0.002764  0.005911  0.004991  0.001979  0.002457  0.002520  0.005795  0.001947  0.002123            0.005771  0.002762  0.004660  0.003238  0.001007  0.002097  0.005660  0.003712  0.008120  0.003498  0.006460
CL26  0.006853  0.003235  0.002809  0.007592  0.004489  0.007052  0.001305  0.006883  0.008320  0.003921  0.007434  0.001549  0.004719  0.007559  0.006508  0.001182  0.006263  0.006341  0.005771             0.00693  0.006282  0.005878  0.006314  0.005748  0.006535  0.004239  0.011677  0.005483  0.004407
CL27  0.001111  0.004620  0.006784  0.007042  0.007713  0.000276  0.005832  0.000059  0.003006  0.005186  0.008671  0.006718  0.004596  0.004684  0.000513  0.007358  0.004651  0.004796  0.002762   0.00693            0.007412     0.006  0.002225  0.001248  0.008391  0.006236  0.005432  0.006217  0.008849
CL28  0.006524  0.004049  0.003705  0.001877  0.002317  0.007384  0.006586  0.007354  0.006218   0.00295   0.00143  0.004753  0.003006  0.003876  0.007132  0.005471  0.002958  0.002872   0.00466  0.006282  0.007412  0.000000  0.001469  0.005399  0.006576  0.001288  0.002183  0.012747  0.001403  0.003493
CL29  0.005102  0.003096  0.003558  0.001838  0.002848  0.005968  0.005905  0.005943  0.004876  0.002051  0.002684  0.004462  0.001775  0.002676  0.005732  0.005284  0.001552  0.001505  0.003238  0.005878     0.006  0.001469            0.003986  0.005206  0.002519  0.001883  0.011328  0.000813  0.004195
CL3   0.001387  0.003367  0.005417  0.004965  0.005991  0.002172  0.005513  0.002174  0.002175  0.003564   0.00661  0.005658  0.002814  0.002734  0.002060  0.006431  0.002608  0.002760  0.001007  0.006314  0.002225  0.005399  0.003986  0.000000  0.001827  0.006403  0.004512  0.007429  0.004270  0.007240
CL4   0.001396  0.003471  0.005624  0.006458  0.006650  0.001356  0.004688  0.001198  0.003413  0.004128  0.007887   0.00552  0.003653  0.004407  0.000900  0.006161  0.004035  0.004189  0.002097  0.005748  0.001248  0.006576  0.005206  0.001827  0.000000  0.007513  0.005200  0.006521  0.005346  0.007732
CL5   0.007526  0.004756  0.003915  0.002624  0.002224  0.008370  0.007024  0.008333  0.007249  0.003701  0.001105  0.004995  0.003920  0.004894  0.008096  0.005603  0.004008  0.003919   0.00566  0.006535  0.008391  0.001288  0.002519  0.006403  0.007513  0.000000  0.002766  0.013741  0.002350  0.003048
CL6   0.005546  0.002095  0.001956  0.003491  0.001703  0.006255   0.00447  0.006176  0.005962  0.001142  0.003436  0.002777  0.001784  0.004199  0.005884  0.003583  0.002871  0.002897  0.003712  0.004239  0.006236  0.002183  0.001883  0.004512  0.005200  0.002766  0.000000  0.011654  0.001497  0.002902
CL7   0.006259  0.009952  0.012091  0.012117  0.013125  0.005424   0.01041  0.005491  0.007095  0.010604  0.013947  0.011847  0.010016  0.009497  0.005805  0.012346  0.009869  0.009997   0.00812  0.011677  0.005432  0.012747  0.011328  0.007429  0.006521  0.013741  0.011654  0.000000  0.011585  0.014223
CL8   0.005373  0.002888  0.003123  0.002217  0.002414  0.006200  0.005595  0.006159  0.005318  0.001796  0.002653  0.004036  0.001781  0.003219  0.005923  0.004844  0.002054  0.002031  0.003498  0.005483  0.006217  0.001403  0.000813  0.004270  0.005346  0.002350  0.001497  0.011585  0.000000  0.003729
CL9   0.008247  0.004326  0.002348  0.005281  0.001642  0.008891   0.00534   0.00879  0.008722  0.003737  0.003991  0.003084  0.004517  0.006808  0.008467  0.003312  0.005538  0.005510   0.00646  0.004407  0.008849  0.003493  0.004195  0.007240  0.007732  0.003048  0.002902  0.014223  0.003729  0.000000
;